4294967294,0
4294967278,132
4294967278,131
4294967278,130
4294967278,129
4294967278,128
4294967278,127
4294967278,126
4294967278,125
4294967278,124
4294967278,123
4294967278,122
4294967278,121
4294967278,120
4294967278,119
4294967278,118
4294967278,117
4294967278,116
4294967278,115
4294967278,114
4294967278,113
4294967278,112
4294967278,111
4294967278,110
4294967278,109
4294967278,108
4294967278,107
4294967278,106
4294967278,105
4294967278,104
4294967278,103
4294967278,102
4294967278,100
4294967278,317
4294967278,99
4294967278,316
4294967278,98
4294967278,315
4294967278,97
4294967278,96
4294967278,314
4294967278,95
4294967278,94
4294967278,311
4294967278,93
4294967278,92
4294967278,91
4294967278,90
4294967278,354
4294967278,89
4294967278,87
4294967278,86
4294967278,85
4294967278,84
4294967278,83
4294967278,82
4294967278,81
4294967278,80
4294967278,79
4294967278,350
4294967278,78
4294967278,349
4294967278,77
4294967278,76
4294967278,75
4294967278,74
4294967278,73
4294967278,345
4294967278,72
4294967278,71
4294967278,344
4294967278,70
4294967278,306
4294967278,69
4294967278,68
4294967278,67
4294967278,66
4294967278,65
4294967278,304
4294967278,64
4294967278,340
4294967278,63
4294967278,303
4294967278,62
4294967278,61
4294967278,60
4294967279,72
4294967279,306
4294967279,67
4294967279,65
4294967279,64
4294967279,396
4294967279,58
4294967279,54
4294967279,51
4294967279,49
4294967279,47
4294967279,46
4294967279,157
4294967279,41
4294967279,295
4294967279,38
4294967279,36
4294967279,403
4294967279,393
4294967279,32
4294967279,392
4294967279,293
4294967279,30
4294967279,24
4294967279,23
4294967279,17
4294967279,12
4294967279,9
4294967279,8
4294967279,7
4294967279,6
4294967279,5
4294967279,4
4294967278,224
4294967294,477
4294967278,222
4294967294,480
4294967278,220
4294967294,1083
4294967294,27
4294967294,93
4294967294,95
4294967294,30
4294967294,148
4294967294,145
4294967294,1058
4294967294,60
4294967278,218
4294967278,216
4294967278,214
4294967294,81
4294967294,11
4294967294,127
4294967294,20
4294967294,13
4294967294,68
4294967278,101
4294967278,319
0,5
4294967294,17
4294967294,39
4294967294,42
4294967294,67
4294967294,99
4294967294,430
4294967294,51
4294967294,479
4294967294,25
4294967294,26
4294967294,1163
4294967294,82
4294967294,1419
31,5
31,4
31,3
31,2
31,1
29,4
29,3
29,2
29,1
4294967278,371
4294967279,426
4294967278,370
28,6
4294967279,425
28,5
28,4
28,3
28,2
28,1
27,5
27,4
27,3
27,2
27,1
4294967279,424
4294967294,1422
26,5
26,4
26,3
26,2
26,1
4294967279,423
4294967279,422
4294967279,421
25,5
25,4
25,3
25,2
25,1
4294967278,369
4294967294,1424
4294967278,368
4294967279,420
4294967279,419
4294967278,367
4294967278,366
4294967279,418
4294967278,365
4294967279,417
4294967278,364
4294967278,363
4294967278,362
4294967279,416
4294967279,415
4294967278,361
4294967279,414
4294967278,360
24,7
24,6
4294967294,470
4294967278,359
4294967293,131
4294967293,130
4294967293,129
4294967293,128
4294967293,127
4294967293,126
4294967293,125
4294967293,124
4294967293,123
4294967293,122
4294967293,121
4294967293,120
4294967293,119
4294967293,118
4294967293,117
4294967293,116
4294967293,115
4294967293,114
4294967293,113
4294967293,112
4294967293,111
4294967293,110
4294967293,109
4294967293,108
4294967293,107
4294967293,106
4294967293,105
4294967293,104
4294967293,103
4294967293,102
4294967293,101
4294967293,100
4294967293,99
4294967293,98
4294967293,97
4294967293,96
4294967293,95
4294967293,94
4294967293,93
4294967293,92
4294967293,91
4294967293,90
4294967293,89
4294967293,88
4294967293,87
4294967293,86
4294967293,85
4294967293,84
4294967293,83
4294967293,82
4294967293,81
4294967293,80
4294967293,79
4294967293,78
4294967293,77
4294967293,76
4294967293,75
4294967293,74
4294967293,73
4294967293,72
4294967293,71
4294967293,70
4294967293,69
4294967293,68
4294967293,67
4294967293,66
4294967293,65
4294967293,64
4294967293,63
4294967293,62
4294967293,61
4294967293,60
4294967293,59
4294967293,58
4294967293,57
4294967293,56
4294967293,55
4294967293,54
4294967293,53
4294967293,52
4294967293,51
4294967293,50
4294967293,49
4294967293,48
4294967293,47
4294967293,46
4294967293,45
4294967293,44
4294967293,43
4294967293,42
4294967293,41
4294967293,40
4294967293,39
4294967293,38
4294967293,37
4294967293,36
4294967293,35
4294967293,34
4294967293,33
